year,new_fraction,chaperoned_fraction,established_fraction
1990,,,
1991,,,
1992,,,
1993,,,
1994,,,
1995,,,
1996,,,
1997,,,
1998,,,
1999,0.893,0.067,0.040
2000,0.684,0.119,0.197
2001,0.590,0.133,0.277
2002,0.571,0.149,0.279
2003,0.427,0.228,0.346
2004,0.428,0.214,0.358
2005,0.317,0.267,0.416
2006,0.352,0.218,0.431
2007,0.312,0.194,0.494
2008,0.297,0.233,0.470
2009,0.270,0.195,0.535
2010,0.232,0.215,0.552
2011,0.224,0.205,0.571
2012,0.285,0.222,0.493
