year,new_fraction,chaperoned_fraction,established_fraction
1990,,,
1991,,,
1992,,,
1993,,,
1994,,,
1995,,,
1996,,,
1997,,,
1998,,,
1999,0.815,0.067,0.118
2000,0.632,0.123,0.245
2001,0.555,0.165,0.280
2002,0.554,0.136,0.310
2003,0.519,0.127,0.354
2004,0.446,0.149,0.405
2005,0.448,0.132,0.420
2006,0.430,0.182,0.388
2007,0.374,0.176,0.451
2008,0.441,0.142,0.417
2009,0.424,0.131,0.445
2010,0.387,0.209,0.405
2011,0.408,0.162,0.430
2012,0.390,0.203,0.407
