year,new_fraction,chaperoned_fraction,established_fraction
1990,,,
1991,,,
1992,,,
1993,,,
1994,,,
1995,,,
1996,,,
1997,,,
1998,,,
1999,,,
2000,0.920,0.000,0.080
2001,0.849,0.020,0.132
2002,0.832,0.046,0.122
2003,0.816,0.022,0.162
2004,0.757,0.009,0.235
2005,0.780,0.000,0.220
2006,0.850,0.047,0.103
2007,0.847,0.047,0.107
2008,0.809,0.031,0.160
2009,0.780,0.033,0.187
2010,0.770,0.035,0.195
2011,0.726,0.094,0.179
2012,0.760,0.094,0.146
