year,new_fraction,chaperoned_fraction,established_fraction
1990,,,
1991,,,
1992,,,
1993,,,
1994,,,
1995,,,
1996,,,
1997,,,
1998,0.966,0.000,0.034
1999,0.820,0.084,0.096
2000,0.764,0.066,0.170
2001,0.642,0.098,0.260
2002,0.606,0.117,0.277
2003,0.559,0.113,0.328
2004,0.469,0.194,0.337
2005,0.500,0.161,0.339
2006,0.454,0.097,0.449
2007,0.505,0.133,0.362
2008,0.374,0.187,0.439
2009,0.333,0.181,0.486
2010,0.288,0.197,0.514
2011,0.292,0.204,0.504
2012,0.270,0.248,0.482
