year,new_fraction,chaperoned_fraction,established_fraction
1990,,,
1991,,,
1992,,,
1993,,,
1994,,,
1995,,,
1996,,,
1997,,,
1998,0.823,0.054,0.122
1999,0.607,0.100,0.293
2000,0.680,0.104,0.216
2001,0.536,0.207,0.257
2002,0.497,0.196,0.307
2003,0.490,0.161,0.349
2004,0.401,0.210,0.389
2005,0.488,0.163,0.349
2006,0.370,0.182,0.448
2007,0.378,0.182,0.439
2008,0.457,0.197,0.346
2009,0.333,0.230,0.437
2010,0.302,0.201,0.497
2011,0.346,0.170,0.484
2012,0.470,0.149,0.381
