year,new_fraction,chaperoned_fraction,established_fraction
1990,,,
1991,,,
1992,,,
1993,,,
1994,,,
1995,,,
1996,,,
1997,,,
1998,,,
1999,0.801,0.053,0.147
2000,0.577,0.110,0.313
2001,0.476,0.139,0.385
2002,0.436,0.134,0.431
2003,0.383,0.142,0.476
2004,0.390,0.137,0.474
2005,0.315,0.125,0.560
2006,0.355,0.169,0.476
2007,0.383,0.159,0.458
2008,0.359,0.176,0.464
2009,0.414,0.162,0.424
2010,0.348,0.170,0.482
2011,0.302,0.183,0.516
2012,0.255,0.187,0.558
