year,new_fraction,chaperoned_fraction,established_fraction
1990,,,
1991,,,
1992,,,
1993,,,
1994,,,
1995,,,
1996,,,
1997,,,
1998,,,
1999,,,
2000,1.000,0.000,0.000
2001,0.875,0.029,0.096
2002,0.706,0.070,0.224
2003,0.650,0.086,0.264
2004,0.592,0.104,0.303
2005,0.544,0.082,0.374
2006,0.521,0.127,0.351
2007,0.474,0.118,0.408
2008,0.402,0.136,0.463
2009,0.332,0.117,0.551
2010,0.344,0.142,0.514
2011,0.318,0.152,0.530
2012,0.361,0.119,0.519
