year,new_fraction,chaperoned_fraction,established_fraction
1990,,,
1991,,,
1992,,,
1993,,,
1994,,,
1995,,,
1996,,,
1997,,,
1998,,,
1999,0.856,0.022,0.121
2000,0.644,0.066,0.290
2001,0.509,0.080,0.411
2002,0.437,0.100,0.463
2003,0.351,0.109,0.540
2004,0.322,0.119,0.559
2005,0.288,0.109,0.603
2006,0.233,0.124,0.643
2007,0.207,0.117,0.676
2008,0.166,0.125,0.709
2009,0.158,0.119,0.723
2010,0.151,0.124,0.726
2011,0.141,0.130,0.729
2012,0.120,0.123,0.756
