year,new_fraction,chaperoned_fraction,established_fraction
1990,,,
1991,,,
1992,,,
1993,,,
1994,,,
1995,,,
1996,,,
1997,,,
1998,,,
1999,1.000,0.000,0.000
2000,0.833,0.056,0.111
2001,0.589,0.125,0.286
2002,0.481,0.065,0.454
2003,0.489,0.076,0.435
2004,0.412,0.118,0.471
2005,0.445,0.143,0.412
2006,0.350,0.067,0.583
2007,0.458,0.133,0.410
2008,0.365,0.089,0.546
2009,0.418,0.134,0.448
2010,0.395,0.150,0.455
2011,0.331,0.167,0.502
2012,0.272,0.165,0.562
