year,new_fraction,chaperoned_fraction,established_fraction
1990,,,
1991,,,
1992,,,
1993,,,
1994,,,
1995,,,
1996,,,
1997,,,
1998,0.730,0.045,0.225
1999,0.587,0.112,0.301
2000,0.495,0.121,0.384
2001,0.463,0.150,0.387
2002,0.410,0.120,0.470
2003,0.430,0.127,0.443
2004,0.410,0.150,0.440
2005,0.392,0.126,0.482
2006,0.371,0.153,0.476
2007,0.331,0.144,0.525
2008,0.320,0.120,0.561
2009,0.299,0.148,0.553
2010,0.267,0.141,0.592
2011,0.287,0.142,0.571
2012,0.305,0.151,0.544
