year,new_fraction,chaperoned_fraction,established_fraction
1990,,,
1991,,,
1992,,,
1993,,,
1994,,,
1995,,,
1996,,,
1997,,,
1998,0.758,0.078,0.164
1999,0.512,0.133,0.355
2000,0.465,0.128,0.407
2001,0.427,0.170,0.403
2002,0.375,0.154,0.471
2003,0.332,0.166,0.502
2004,0.302,0.159,0.539
2005,0.342,0.152,0.506
2006,0.336,0.169,0.495
2007,0.291,0.160,0.549
2008,0.300,0.157,0.543
2009,0.290,0.162,0.547
2010,0.261,0.168,0.571
2011,0.284,0.172,0.545
2012,0.269,0.171,0.560
