year,new_fraction,chaperoned_fraction,established_fraction
1990,,,
1991,,,
1992,,,
1993,,,
1994,,,
1995,,,
1996,,,
1997,,,
1998,,,
1999,,,
2000,,,
2001,0.812,0.031,0.156
2002,0.712,0.096,0.192
2003,0.692,0.108,0.200
2004,0.669,0.101,0.230
2005,0.616,0.137,0.247
2006,0.534,0.129,0.337
2007,0.505,0.132,0.362
2008,0.396,0.177,0.427
2009,0.406,0.156,0.438
2010,0.396,0.144,0.460
2011,0.355,0.135,0.509
2012,0.324,0.159,0.516
