year,new_fraction,chaperoned_fraction,established_fraction
1990,,,
1991,,,
1992,,,
1993,,,
1994,,,
1995,,,
1996,,,
1997,,,
1998,,,
1999,,,
2000,0.846,0.029,0.125
2001,0.684,0.040,0.276
2002,0.538,0.055,0.407
2003,0.483,0.097,0.419
2004,0.497,0.094,0.409
2005,0.446,0.128,0.426
2006,0.444,0.118,0.438
2007,0.399,0.135,0.466
2008,0.362,0.127,0.511
2009,0.285,0.138,0.577
2010,0.333,0.149,0.518
2011,0.342,0.153,0.505
2012,0.267,0.151,0.582
