year,new_fraction,chaperoned_fraction,established_fraction
1990,,,
1991,,,
1992,,,
1993,,,
1994,,,
1995,,,
1996,,,
1997,,,
1998,,,
1999,0.918,0.000,0.082
2000,0.798,0.056,0.146
2001,0.561,0.061,0.378
2002,0.581,0.128,0.291
2003,0.588,0.098,0.314
2004,0.473,0.115,0.412
2005,0.489,0.107,0.405
2006,0.439,0.098,0.463
2007,0.428,0.090,0.483
2008,0.482,0.095,0.423
2009,0.366,0.106,0.528
2010,0.341,0.104,0.556
2011,,,
2012,,,
