year,new_fraction,chaperoned_fraction,established_fraction
1990,,,
1991,,,
1992,,,
1993,,,
1994,,,
1995,,,
1996,,,
1997,,,
1998,,,
1999,,,
2000,,,
2001,0.871,0.000,0.129
2002,0.583,0.062,0.354
2003,0.644,0.051,0.305
2004,0.559,0.063,0.378
2005,0.531,0.089,0.380
2006,0.395,0.137,0.468
2007,0.410,0.105,0.485
2008,0.358,0.111,0.530
2009,0.356,0.127,0.517
2010,0.298,0.137,0.565
2011,0.297,0.108,0.595
2012,0.292,0.136,0.571
