year,new_fraction,chaperoned_fraction,established_fraction
1990,,,
1991,,,
1992,,,
1993,,,
1994,,,
1995,,,
1996,,,
1997,,,
1998,1.000,0.000,0.000
1999,0.952,0.048,0.000
2000,0.938,0.031,0.031
2001,0.917,0.083,0.000
2002,0.911,0.030,0.059
2003,0.814,0.043,0.143
2004,0.808,0.049,0.143
2005,0.770,0.082,0.148
2006,0.684,0.084,0.232
2007,0.635,0.100,0.265
2008,0.573,0.135,0.292
2009,0.504,0.141,0.355
2010,0.442,0.179,0.378
2011,0.410,0.169,0.421
2012,0.360,0.162,0.478
