year,new_fraction,chaperoned_fraction,established_fraction
1990,,,
1991,,,
1992,,,
1993,,,
1994,,,
1995,,,
1996,,,
1997,,,
1998,,,
1999,,,
2000,0.843,0.035,0.122
2001,0.627,0.118,0.255
2002,0.604,0.141,0.255
2003,0.534,0.180,0.287
2004,0.539,0.125,0.336
2005,0.429,0.170,0.401
2006,0.444,0.156,0.400
2007,0.515,0.123,0.362
2008,0.390,0.176,0.434
2009,0.510,0.145,0.345
2010,0.403,0.210,0.387
2011,0.405,0.191,0.405
2012,0.447,0.117,0.436
