year,new_fraction,chaperoned_fraction,established_fraction
1990,,,
1991,,,
1992,,,
1993,,,
1994,,,
1995,,,
1996,,,
1997,,,
1998,0.904,0.038,0.058
1999,0.877,0.057,0.066
2000,0.816,0.061,0.122
2001,0.733,0.105,0.163
2002,0.574,0.222,0.204
2003,0.800,0.052,0.148
2004,0.562,0.175,0.263
2005,0.580,0.151,0.269
2006,0.438,0.174,0.389
2007,0.545,0.089,0.366
2008,0.510,0.122,0.367
2009,0.610,0.114,0.276
2010,0.579,0.092,0.329
2011,0.652,0.109,0.239
2012,0.559,0.176,0.265
