year,new_fraction,chaperoned_fraction,established_fraction
1990,,,
1991,,,
1992,,,
1993,,,
1994,,,
1995,,,
1996,,,
1997,,,
1998,0.745,0.042,0.212
1999,0.480,0.111,0.408
2000,0.407,0.100,0.492
2001,0.335,0.106,0.559
2002,0.291,0.103,0.606
2003,0.302,0.092,0.607
2004,0.256,0.107,0.637
2005,0.222,0.098,0.680
2006,0.246,0.084,0.670
2007,0.205,0.113,0.682
2008,0.203,0.097,0.700
2009,0.190,0.089,0.721
2010,0.165,0.098,0.737
2011,0.158,0.091,0.751
2012,0.148,0.079,0.773
