year,new_fraction,chaperoned_fraction,established_fraction
1990,,,
1991,,,
1992,,,
1993,,,
1994,,,
1995,,,
1996,,,
1997,,,
1998,,,
1999,,,
2000,,,
2001,0.800,0.082,0.118
2002,0.720,0.108,0.172
2003,0.690,0.115,0.195
2004,0.618,0.121,0.261
2005,0.534,0.160,0.305
2006,0.475,0.175,0.350
2007,0.433,0.126,0.441
2008,0.464,0.143,0.393
2009,0.457,0.154,0.389
2010,0.441,0.191,0.368
2011,0.400,0.153,0.447
2012,0.422,0.175,0.403
