year,new_fraction,chaperoned_fraction,established_fraction
1990,,,
1991,,,
1992,,,
1993,,,
1994,,,
1995,,,
1996,,,
1997,,,
1998,,,
1999,,,
2000,0.862,0.043,0.094
2001,0.656,0.049,0.295
2002,0.544,0.026,0.430
2003,0.433,0.111,0.456
2004,0.516,0.081,0.403
2005,0.541,0.075,0.384
2006,0.415,0.067,0.518
2007,0.470,0.071,0.458
2008,0.427,0.073,0.500
2009,0.385,0.119,0.496
2010,0.437,0.063,0.500
2011,0.372,0.055,0.572
2012,0.340,0.052,0.608
