year,new_fraction,chaperoned_fraction,established_fraction
1990,,,
1991,,,
1992,,,
1993,,,
1994,,,
1995,,,
1996,,,
1997,,,
1998,0.862,0.034,0.103
1999,0.692,0.120,0.188
2000,0.573,0.146,0.281
2001,0.539,0.131,0.330
2002,0.564,0.127,0.309
2003,0.449,0.195,0.356
2004,0.523,0.158,0.319
2005,0.407,0.188,0.405
2006,0.468,0.152,0.380
2007,0.442,0.176,0.382
2008,0.471,0.153,0.376
2009,0.457,0.127,0.416
2010,0.474,0.164,0.362
2011,0.401,0.169,0.431
2012,0.427,0.185,0.387
