year,new_fraction,chaperoned_fraction,established_fraction
1990,,,
1991,,,
1992,,,
1993,,,
1994,,,
1995,,,
1996,,,
1997,,,
1998,,,
1999,,,
2000,,,
2001,0.940,0.015,0.045
2002,0.647,0.176,0.176
2003,0.535,0.212,0.253
2004,0.481,0.226,0.292
2005,0.379,0.233,0.388
2006,0.449,0.210,0.341
2007,0.403,0.178,0.419
2008,0.402,0.239,0.359
2009,0.373,0.249,0.379
2010,0.352,0.259,0.389
2011,0.330,0.273,0.397
2012,0.388,0.212,0.400
