year,new_fraction,chaperoned_fraction,established_fraction
1990,,,
1991,,,
1992,,,
1993,,,
1994,,,
1995,,,
1996,,,
1997,,,
1998,0.889,0.032,0.079
1999,0.500,0.130,0.370
2000,0.594,0.188,0.219
2001,0.395,0.237,0.368
2002,0.528,0.083,0.389
2003,0.513,0.128,0.359
2004,0.409,0.209,0.383
2005,0.376,0.192,0.432
2006,0.355,0.250,0.395
2007,0.366,0.239,0.394
2008,0.319,0.259,0.422
2009,0.326,0.205,0.470
2010,0.426,0.213,0.362
2011,0.383,0.215,0.403
2012,0.393,0.248,0.359
