year,new_fraction,chaperoned_fraction,established_fraction
1990,,,
1991,,,
1992,,,
1993,,,
1994,,,
1995,,,
1996,,,
1997,,,
1998,,,
1999,,,
2000,0.933,0.000,0.067
2001,0.908,0.000,0.092
2002,0.843,0.050,0.107
2003,0.714,0.056,0.230
2004,0.710,0.097,0.194
2005,0.752,0.115,0.133
2006,0.578,0.125,0.297
2007,0.666,0.098,0.237
2008,0.642,0.114,0.244
2009,0.519,0.187,0.294
2010,0.446,0.183,0.371
2011,0.488,0.173,0.340
2012,0.483,0.200,0.317
