year,new_fraction,chaperoned_fraction,established_fraction
1990,0.385,0.166,0.449
1991,0.402,0.173,0.426
1992,0.378,0.179,0.443
1993,0.366,0.181,0.453
1994,0.382,0.196,0.421
1995,0.353,0.197,0.450
1996,0.352,0.202,0.447
1997,0.376,0.193,0.431
1998,0.368,0.192,0.440
1999,0.383,0.184,0.434
2000,0.387,0.190,0.424
2001,0.378,0.194,0.428
2002,0.335,0.203,0.462
2003,0.315,0.231,0.454
2004,0.314,0.219,0.467
2005,0.336,0.204,0.460
2006,0.297,0.217,0.486
2007,0.272,0.243,0.485
2008,0.274,0.255,0.471
2009,0.252,0.226,0.522
2010,0.255,0.241,0.505
2011,0.223,0.220,0.557
2012,0.224,0.240,0.535
